844
421 50
102 378
357 458
747 597
579 235
438 91
109 569
195 768
65 27
46 112
476 672
213 534
51 56
211 391
129 226
125 361
609 22
208 209
676 350
381 291
83 292
646 6
64 75
744 350
57 567
686 603
287 187
157 370
149 66
114 78
133 718
293 694
192 37
176 258
476 823
651 134
468 275
6 11
299 643
45 804
175 278
724 340
153 169
40 13
157 368
473 340
222 231
305 498
129 101
566 22
7 15
163 168
569 813
347 409
353 240
663 554
809 499
459 354
603 109
542 717
815 181
539 440
657 408
22 493
256 418
605 174
615 288
13 12
185 691
533 612
348 99
84 173
311 138
447 191
231 840
678 239
712 839
132 122
572 201
147 103
61 45
219 842
785 743
77 466
56 460
350 356
78 471
528 401
17 6
244 825
72 78
35 428
4 201
607 253
278 408
127 18
335 239
406 289
712 372
35 23
767 600
731 17
223 713
248 580
334 264
200 135
563 634
148 758
186 245
535 367
80 109
4 41
127 482
144 279
63 413
53 12
241 81
399 199
147 249
540 335
131 719
645 306
511 411
784 564
38 308
176 417
84 143
36 307
689 493
590 797
217 51
421 820
497 283
276 175
32 52
17 798
35 126
124 222
45 83
163 193
211 45
94 60
311 432
775 609
7 59
97 342
64 706
37 707
716 42
538 757
187 58
760 631
145 828
58 400
453 613
265 631
60 63
298 14
524 111
89 322
577 86
725 386
6 19
715 388
374 91
440 387
404 14
483 140
732 478
387 58
6 1
325 181
171 504
794 626
22 33
188 764
287 487
377 393
411 372
262 444
471 698
295 357
435 345
49 90
589 27
73 44
586 822
119 7
471 710
14 8
67 283
148 122
578 336
549 721
2 145
791 443
12 8
763 425
386 384
232 830
433 704
199 121
439 8
364 619
23 359
138 317
9 21
455 639
42 314
179 516
537 439
364 582
452 6
207 159
202 4
211 362
383 783
737 322
31 7
451 310
23 9
693 290
36 108
240 614
103 574
84 397
70 476
251 86
244 68
2 49
217 545
41 47
171 151
72 636
375 8
8 45
38 20
357 481
628 499
829 115
23 337
601 202
267 446
735 460
171 301
32 263
30 176
36 240
148 633
556 538
447 749
43 92
222 792
127 271
766 363
696 841
177 225
457 102
81 60
432 742
89 180
313 172
260 101
506 150
299 143
667 320
22 382
30 203
680 223
122 396
144 267
198 621
711 559
69 366
178 90
7 6
105 261
36 113
89 512
453 86
246 214
223 323
439 670
394 383
175 33
223 844
238 171
219 160
255 233
487 530
434 558
190 450
597 534
85 38
289 327
800 380
603 648
495 60
500 314
180 654
518 293
392 121
843 701
1 2
136 137
618 831
650 730
703 720
373 425
596 354
583 411
208 81
117 79
169 426
7 349
407 240
538 72
64 44
723 115
281 255
501 319
489 294
305 153
527 836
314 486
302 479
78 436
118 474
2 164
221 16
408 543
295 336
566 702
308 571
314 699
266 57
22 12
34 32
653 265
280 696
616 277
288 170
24 637
827 290
576 355
677 118
86 275
132 331
110 51
377 385
237 365
761 810
786 428
193 303
177 2
52 551
761 674
295 310
27 138
344 245
284 745
388 104
480 835
198 94
355 79
60 833
196 53
289 475
640 265
191 419
477 649
289 121
8 133
650 88
185 117
248 123
5 673
121 151
565 5
661 82
510 470
247 46
584 381
157 32
788 826
243 139
389 53
759 12
102 34
245 295
484 218
103 379
436 499
769 529
36 472
541 554
554 575
135 215
461 84
198 377
824 798
259 28
80 24
395 28
170 1
186 68
491 21
149 526
666 309
72 7
568 799
532 137
80 274
695 241
118 1
137 463
19 29
591 511
232 71
487 774
256 215
748 251
272 133
196 233
739 253
140 525
91 190
235 286
13 253
97 120
264 153
165 662
130 161
509 377
338 402
624 134
546 535
202 531
86 268
801 21
340 251
264 740
807 579
658 222
63 123
190 252
77 206
692 215
727 276
390 416
16 28
432 503
77 429
455 379
220 319
372 250
17 20
295 456
595 440
627 281
292 599
291 548
579 626
593 301
106 360
156 776
210 606
136 788
86 14
147 330
54 160
116 448
29 405
142 141
135 131
461 714
29 44
496 156
38 600
6 10
465 139
227 212
756 602
58 101
135 270
154 7
289 838
90 183
62 99
683 369
814 596
220 38
660 277
69 39
158 96
23 25
369 88
433 755
408 611
213 42
625 186
302 84
18 1
273 88
359 480
42 293
115 155
430 568
703 322
29 687
462 439
110 146
25 412
752 605
398 99
202 561
123 224
125 77
4 5
457 808
13 42
581 557
163 42
67 350
523 496
818 302
1 179
50 16
401 782
228 25
361 655
318 321
194 315
391 736
294 126
787 193
74 34
149 536
401 31
97 22
153 234
41 296
277 230
316 96
636 669
191 803
122 647
82 42
34 37
445 395
69 598
339 228
97 564
356 592
181 56
593 750
28 115
23 27
635 341
644 540
438 632
116 108
5 403
242 40
427 22
13 32
4 1
91 73
514 254
46 547
184 147
194 151
511 529
141 664
134 306
191 171
2 9
420 336
280 239
352 76
511 629
390 41
733 481
46 67
239 26
86 437
701 607
152 55
100 97
86 136
663 817
620 369
210 180
793 728
125 130
78 165
125 729
77 195
265 86
553 149
821 780
802 323
342 507
84 223
642 610
520 269
66 30
106 1
99 358
216 71
257 187
34 58
134 43
507 618
25 167
333 107
741 710
469 133
21 679
211 433
690 234
291 97
189 185
94 522
444 517
46 23
97 105
50 326
343 734
129 159
31 527
26 84
5 54
652 260
34 700
65 76
26 10
167 770
74 131
209 560
441 44
63 95
4 16
24 1
159 415
304 195
111 832
291 508
456 685
405 590
18 254
488 307
608 35
777 68
128 71
16 300
152 708
38 709
443 155
174 126
367 330
512 604
490 129
505 447
104 197
454 397
551 819
250 86
159 364
39 31
8 5
332 33
77 23
425 630
43 4
705 394
70 121
312 71
22 144
219 762
22 48
203 343
707 771
107 376
29 62
671 40
470 78
79 54
26 746
277 515
567 728
49 467
559 467
492 168
55 60
181 269
335 384
347 332
163 229
1 3
19 478
198 290
179 262
76 88
96 18
422 137
346 665
588 317
64 780
781 685
428 544
205 140
202 434
40 166
555 510
143 424
160 773
140 49
410 67
391 754
103 25
656 682
37 111
557 335
36 3
494 296
502 283
141 95
153 94
268 442
68 24
53 214
753 633
232 449
765 380
371 182
282 641
754 796
288 328
681 320
485 484
82 150
790 208
795 745
550 13
185 638
139 172
327 552
30 22
61 726
82 104
94 156
563 154
175 423
90 617
14 309
37 204
585 197
162 107
285 105
284 92
633 805
29 70
122 33
119 139
431 772
69 98
123 237
363 139
477 300
126 751
282 118
347 684
107 100
623 250
510 541
3 124
166 188
212 318
519 211
834 542
249 351
121 236
806 161
738 344
345 260
622 58
53 57
1 87
29 218
341 122
89 25
778 331
656 552
383 178
118 816
327 542
408 586
3 182
235 19
346 164
688 676
117 570
401 414
513 346
779 213
837 346
789 249
515 573
55 373
16 55
610 21
231 297
323 354
329 117
13 430
675 150
743 139
156 212
461 464
230 54
58 71
668 183
812 455
322 602
655 811
296 521
23 324
501 674
320 13
473 562
313 587
96 594
